0,304
0,303
0,12
0,352
0,11
0,348
0,10
0,8
0,401
0,400
38,0
2,12
0,399
15,6470
15,6442
15,6439
15,6438
15,6464
15,6336
15,69
15,6329
15,6324
15,594
15,589
15,585
15,5934
15,4671
15,4335
15,4223
15,1900
15,1891
15,1861
15,3519
15,5713
15,5350
15,2239
15,4925
15,4924
15,4917
15,1340
15,1333
15,2970
15,2690
15,2668
15,2656
15,2665
15,2541
15,1772
15,1510
15,1486
15,1472
15,1378
15,1065
15,1058
15,1009
15,648
15,474
15,465
15,449
15,1248
0,315
0,265
0,375
0,264
0,483
0,245
0,529
0,244
0,543
0,237
0,535
0,205
0,520
0,204
0,554
0,203
0,372
0,202
0,311
0,201
0,568
0,200
0,534
0,199
0,380
0,196
0,325
0,195
0,551
0,60
0,385
0,59
0,321
0,58
0,243
0,324
16,514
16,356
16,338
16,25
16,17
0,198
0,553
0,197
0,498
0,194
113,2
0,193
0,533
0,192
0,323
0,63
0,322
14,261
15,1586
0,62
0,387
0,61
0,354
0,57
0,477
0,56
0,567
0,55
0,379
0,54
0,384
35,13
35,12
35,2
0,53
0,319
0,52
0,310
15,2894
15,2892
41,8
41,3
0,51
113,5
0,398
0,50
0,49
0,559
5,4
118,4
0,48
0,532
0,47
0,540
0,397
0,46
0,45
0,575
0,6
0,368
0,300
0,339
0,299
0,574
0,396
0,298
0,297
0,506
0,296
0,519
0,295
0,294
0,550
0,293
0,565
0,292
0,378
0,291
0,318
0,290
0,329
0,289
0,317
0,288
0,457
0,287
0,548
0,286
0,316
0,285
0,367
0,284
0,376
0,283
0,524
0,282
0,358
0,281
0,357
0,280
0,523
0,279
0,356
0,278
0,392
0,277
0,338
0,276
0,364
0,275
0,547
0,274
0,573
0,273
0,564
0,272
0,309
0,271
0,308
0,270
0,513
0,269
0,572
15,5495
15,5824
15,5404
15,2554
15,3488
15,5270
15,5120
15,5019
15,4938
15,4928
15,1396
15,2561
15,1829
15,973
15,972
15,5388
15,1666
15,1724
16,320
10,5
8,4
16,1992
16,1990
16,43
16,11
16,61
16,62
16,52
16,44
16,41
16,2023
16,4
16,1995
16,2006
16,6
15,5221
15,5191
113,3
113,4
15,4918
15,1718
15,3186
15,5804
15,5383
15,5813
15,2443
15,5778
15,5384
6,4
0,268
0,487
0,267
0,486
0,266
0,334
0,263
0,360
0,262
0,464
0,395
0,261
0,260
0,328
0,259
0,504
0,258
0,571
0,257
0,333
0,256
0,307
0,255
0,530
0,254
0,362
0,253
0,522
0,252
0,479
0,251
0,353
0,250
0,301
0,249
0,391
0,248
0,247
0,246
0,463
0,242
0,544
0,241
0,369
36,2
0,240
0,561
0,394
0,239
0,238
0,374
0,236
0,482
0,235
2,11
0,332
38,2
0,234
0,331
0,233
0,502
0,232
0,350
0,231
35,7
0,537
16,3335
16,1498
16,1251
16,948
16,1025
16,212
16,182
16,181
16,2241
16,1052
42,8
42,6
42,16
42,14
42,10
42,7
42,5
42,3
42,4
16,1991
0,230
0,460
0,229
38,5
38,4
0,327
38,3
0,228
0,349
35,6
0,227
36,4
0,557
36,3
35,10
35,9
0,226
0,390
0,225
0,313
0,386
0,393
0,410
0,0
0,224
0,223
0,514
15,5484
15,6327
15,6291
15,6323
15,6322
15,588
15,624
15,587
15,4146
15,4159
15,4145
15,5418
15,5407
15,5401
15,6350
15,4142
15,4031
15,4030
15,4018
15,4017
15,1338
15,1325
15,5408
15,1200
15,1198
15,1203
15,1199
15,5397
15,5499
15,5417
0,222
0,373
0,221
0,500
14,273
0,220
2,13
2,3
0,312
1,3
0,219
0,326
0,218
14,272
14,271
14,270
0,389
0,217
0,542
35,14
35,3
35,8
37,3
37,4
16,112
16,2019
35,5
35,4
23,3
22,4
22,9
22,5
22,3
7,4
16,120
15,6482
15,6478
15,6342
15,6338
15,5485
15,6328
15,6277
15,6194
15,5715
15,5263
15,5050
15,5048
15,1369
15,1367
15,1343
15,3830
15,3776
15,2663
15,2657
15,2451
15,1628
15,1621
15,1601
15,1600
15,1582
15,1563
15,1187
15,5486
15,962
15,960
15,933
15,680
15,665
15,466
15,457
15,266
15,260
15,256
15,21
15,20
15,16
15,148
15,115
15,72
15,114
15,1707
15,1690
15,528
16,3264
16,1472
16,382
16,319
16,3930
16,14
16,1946
16,1945
16,1944
15,6554
15,6353
15,6348
15,6339
15,3481
15,3479
15,3327
15,3282
15,5588
15,79
15,2361
15,5037
15,2494
15,2491
15,2492
15,5001
15,4992
15,4975
15,4968
15,4937
15,1723
15,1722
15,6340
15,505
15,1294
15,1293
15,1284
15,5402
15,3829
15,5796
15,5723
15,5506
15,5473
15,4770
15,2682
15,2677
15,4926
15,1719
15,4111
15,4096
15,1710
16,3476
15,2704
15,2458
15,362
15,358
15,59
16,156
15,1739
15,1676
16,786
15,5497
15,352
15,339
15,310
16,142
15,6466
15,3252
15,3005
15,5810
15,306
15,56
16,575
16,527
15,1809
15,272
15,271
15,270
15,268
15,267
15,50
16,121
15,5972
15,1542
15,903
15,261
15,209
15,208
15,48
16,108
15,1481
15,39
15,37
15,36
15,12
16,22
15,6456
15,531
15,3484
15,640
15,228
15,15
15,5482
15,14
16,15
16,2816
16,3
15,2889
15,2884
15,1275
15,1255
15,1251
15,1216
15,514
15,38
15,24
15,5212
15,5222
10,10
10,4
16,42
16,5
15,5493
15,975
15,263
15,212
15,211
15,6
15,522
15,25
9,4
9,5
15,1272
15,5
0,216
0,536
0,215
0,347
30,3
30,7
30,6
15,4621
15,527
15,3
15,1715
15,4
14,7
0,214
0,359
0,213
0,366
0,212
14,2
14,0
0,570
0,211
0,388
0,210
0,330
0,209
0,383
0,208
0,555
0,207
0,382
0,206
0,381
14,6
14,4
14,316
14,315
14,309
14,307
14,305
14,286
14,285
14,284
14,283
14,396
14,257
14,291
14,290
14,269
14,80
14,107
14,104
14,103
14,407
14,435
14,335
14,334
14,340
14,323
14,320
14,338
14,337
14,336
14,333
14,339
14,332
14,331
14,378
14,377
14,375
14,374
14,329
14,328
14,327
14,326
14,380
14,379
14,124
14,123
14,122
14,121
14,120
14,114
14,113
14,102
14,101
14,100
14,79
14,78
14,77
14,76
14,75
14,64
14,314
14,311
14,310
14,308
14,306
14,303
14,302
14,300
14,299
14,298
14,297
14,296
14,259
14,258
14,256
14,255
14,251
14,228
14,226
14,225
14,350
14,346
14,345
14,344
14,343
14,342
14,341
14,330
14,325
14,324
14,322
14,392
14,391
14,390
14,389
14,388
14,387
14,386
14,385
14,384
14,383
14,382
14,381
14,376
14,224
14,223
14,221
14,220
14,218
14,216
14,215
14,366
14,365
14,364
14,363
14,362
14,361
14,360
14,359
14,358
14,357
14,356
14,355
14,354
14,353
14,352
14,351
14,349
14,348
14,347
14,373
14,242
14,240
14,239
14,238
14,249
14,248
14,246
14,244
14,233
14,254
14,253
14,252
14,229
14,222
14,201
14,199
14,241
14,232
14,219
14,217
14,230
14,245
14,247
14,237
14,236
14,227
14,195
14,194
14,193
14,192
14,183
14,182
14,169
14,168
14,167
14,165
14,130
14,313
14,312
14,304
14,301
14,109
14,108
14,106
14,99
14,98
14,97
14,96
14,95
14,94
14,93
14,92
14,91
14,90
14,89
14,88
14,87
14,86
14,85
14,84
14,83
14,82
14,81
14,74
14,73
14,72
14,71
14,70
14,69
14,68
14,67
14,66
14,65
14,119
14,118
14,117
14,116
14,115
14,112
14,111
14,110
14,105
14,179
14,160
14,159
14,3
14,5
43,3
5,3
6,10
6,8
6,6
6,3
8,3
7,3
9,3
10,9
10,13
10,8
10,6
10,3
16,402
16,401
16,400
16,399
16,398
16,397
16,396
16,395
16,387
16,355
16,254
16,3982
16,3947
16,3979
16,4853
16,4856
16,4837
16,4814
16,4804
16,4737
16,4650
16,4629
16,4608
16,4700
16,4699
16,4696
16,4695
16,4694
16,4693
16,4692
16,4691
16,4690
16,4689
16,4688
16,4687
16,4686
16,4685
16,4684
16,4683
16,4682
16,4681
16,4680
16,4679
16,4678
16,3099
16,3098
16,3097
16,3096
16,3095
16,3094
16,3093
16,3092
16,3091
16,3090
16,3089
16,3088
16,3078
16,3077
16,4544
16,4543
16,4542
16,4541
16,4540
16,4539
16,4538
16,4537
16,4536
16,4535
16,4534
16,4533
16,4532
16,4531
16,4530
16,4529
16,4528
16,4864
16,4527
16,4454
16,4453
16,4452
16,4451
16,4450
16,4449
16,4420
16,4418
16,4393
16,4391
16,4374
16,4354
16,4164
16,4095
16,4078
16,4074
16,4073
16,4069
16,4060
16,4059
16,4068
16,4065
16,4064
16,4032
16,4067
16,4061
16,4037
16,4042
16,4041
16,4040
16,4039
16,4036
16,4035
16,4034
16,4033
16,3071
16,3070
16,3069
16,3068
16,3067
16,3066
16,3065
16,3064
16,3063
16,3062
16,3061
16,3060
16,3059
16,3058
16,3057
16,3056
16,3055
16,3054
16,3053
16,3052
16,3051
16,3050
16,3049
16,3048
16,3047
16,3046
16,3045
16,3044
16,3043
16,3042
16,3041
16,3040
16,3039
16,3038
16,3037
16,3036
16,3035
16,3034
16,3033
16,3032
16,3031
16,3030
16,3029
16,3028
16,3027
16,3026
16,3025
16,3024
16,3023
16,3022
16,3020
16,741
16,614
16,3428
16,3839
16,3838
16,3837
16,3836
16,3835
16,3834
16,3833
16,3832
16,3831
16,3830
16,3829
16,3828
16,3827
16,3826
16,3825
16,3824
16,3823
16,3822
16,3821
16,3820
16,3819
16,3818
16,3817
16,3816
16,3815
16,3814
16,3813
16,3812
16,3811
16,3810
16,3711
16,3710
16,3709
16,3708
16,3707
16,3706
16,3705
16,3704
16,3703
16,3702
16,3701
16,3700
16,3699
16,3698
16,3697
16,3696
16,3695
16,3694
16,3693
16,3692
16,3691
16,3690
16,3689
16,3688
16,3687
16,3686
16,3685
16,3684
16,3683
16,3682
16,3681
16,3680
16,3679
16,3678
16,3677
16,3676
16,3675
16,3674
16,3673
16,3672
16,3671
16,3670
16,3669
16,3668
16,3667
16,3666
16,3665
16,3664
16,3663
16,3662
16,3661
16,3660
16,3659
16,3658
16,3657
16,3656
16,3655
16,3654
16,3653
16,3652
16,3651
16,3650
16,3648
16,3647
16,3646
16,3645
16,3644
16,3643
16,3642
16,3641
16,3640
16,3639
16,3638
16,3637
16,3636
16,3635
16,3634
16,3633
16,3632
16,3631
16,3630
16,3629
16,3628
16,3627
16,3626
16,3625
16,3624
16,3623
16,3616
16,3622
16,3621
16,3620
16,3619
16,3618
16,3617
16,3615
16,3614
16,3613
16,3612
16,3611
16,3610
16,3609
16,3608
16,3607
16,3606
16,3605
16,3604
16,3603
16,3602
16,3601
16,3600
16,3599
16,3598
16,3597
16,3596
16,3595
16,3594
16,3593
16,3592
16,3591
16,3590
16,3589
16,3588
16,3587
16,3586
16,3584
16,3583
16,3582
16,3581
16,3580
16,3579
16,3578
16,3577
16,3576
16,3575
16,3574
16,3573
16,3572
16,3571
16,3570
16,3569
16,3568
16,3567
16,3566
16,3565
16,3564
16,3563
16,3562
16,3561
16,3560
16,3559
16,3558
16,3557
16,3552
16,3551
16,3550
16,3541
16,3527
16,3321
16,3320
16,3307
16,3305
16,3292
16,3291
16,3290
16,4129
16,4119
16,4118
16,4117
16,4116
16,4115
16,4160
16,4114
16,4111
16,3280
16,3279
16,3278
16,3277
16,3936
16,3938
16,3946
16,3934
16,3941
16,3932
16,3954
16,3943
16,3929
16,3927
16,3926
16,3925
16,3924
16,3776
16,3479
16,3478
16,3413
16,3412
16,978
16,977
16,1026
16,1024
16,718
16,714
16,713
16,696
16,636
16,487
16,353
16,315
16,300
16,299
16,298
16,297
16,295
16,294
16,109
15,6567
15,6566
15,6565
15,6561
15,6560
15,6559
15,6558
15,6557
15,6556
15,6555
15,6553
15,6552
15,6546
15,6542
15,6541
15,6540
15,6538
15,6537
15,6536
15,6535
15,6479
15,6474
15,6471
15,6469
15,6467
15,6427
15,6416
15,6403
15,6401
15,85
15,6394
15,6383
15,6382
15,6380
15,6379
15,6378
15,6376
15,6375
15,6374
15,6373
15,6372
15,6371
15,6370
15,6357
15,6356
15,6346
15,6345
15,6344
15,6343
15,6341
15,6272
15,6193
15,6192
15,6191
15,6190
15,6189
15,6188
15,6186
15,6185
15,6183
15,6181
15,6179
15,6176
15,6175
15,6173
15,6172
15,6171
15,6170
15,6169
15,6168
15,6165
15,6164
15,6163
15,6162
15,6157
15,6156
15,6155
15,6153
15,6151
15,6150
15,6149
15,251
15,507
15,506
15,504
15,454
15,6078
15,6074
15,6052
15,6051
15,6050
15,6049
15,6036
15,1928
15,600
15,592
15,5931
15,1287
15,3800
15,3798
15,3797
15,3779
15,3482
15,3711
15,3708
15,3706
15,3703
15,3626
15,3583
15,3580
15,3577
15,3574
15,3572
15,3571
15,3570
15,3567
15,3564
15,3562
15,3559
15,3556
15,3518
15,3516
15,3513
15,3510
15,3508
15,3504
15,3498
15,3494
15,5812
15,5806
15,5805
15,5800
15,5798
15,5797
15,5760
15,5741
15,5709
15,5517
15,5516
15,5505
15,5504
15,5470
15,5469
15,5463
15,5354
15,5353
15,5139
15,5131
15,5130
15,5124
15,4934
15,4744
15,4739
15,4736
15,4912
15,4695
15,4629
15,4623
15,4608
15,1590
15,1587
15,3892
15,3863
15,3862
15,3840
15,1395
15,1372
15,1342
15,3769
15,3662
15,3331
15,3267
15,3266
15,3200
15,3159
15,3038
15,3037
15,2959
15,2948
15,2815
15,2807
15,2825
15,2712
15,2707
15,2706
15,2705
15,2569
15,2565
15,2564
15,2562
15,1856
15,1838
15,1819
15,1817
15,1778
15,1777
15,1760
15,1759
15,1758
15,1757
15,1756
15,1754
15,1753
15,1752
15,1751
15,1731
15,1616
15,1615
15,1611
15,1607
15,1585
15,1584
15,1579
15,1578
15,1543
15,1531
15,1511
15,1044
15,1043
15,902
15,901
15,898
15,896
15,806
15,805
15,804
15,281
15,276
15,66
28,4
27,3
118,3
18,3
205,3
204,3
113,11
113,10
113,9
113,8
113,7
2,5
0,336
0,355
2,6
2,8
0,351
0,337
15,5399
15,6444
15,1890
15,1265
16,2014
16,2011
16,2004
16,2000
16,1997
18,16
18,13
204,5
16,0
16,2016
16,2018
15,5204
15,5412
0,335
15,2
15,5211
15,5184
15,2912
16,1
16,2005
16,7
16,2008
15,532
0,370
0,4
16,2437
16,27
16,23
16,1986
16,2010
16,45
15,6463
15,6243
15,5219
15,6032
15,431
15,4409
15,3784
15,3783
15,3007
15,5313
15,1853
15,3692
15,1771
15,1088
15,1049
15,473
15,420
15,384
15,338
15,337
15,320
15,193
15,5489
16,8
205,5
205,7
205,4
15,1362
15,5140
15,1231
15,535
16,2012
16,28
192,5
192,4
192,3
15,4958
16,2020
16,13
15,5557
16,57
16,2017
194,3
16,1999
16,2015
16,54
16,63
16,1994
16,10
15,6154
15,2189
15,5415
16,56
16,2007
15,5411
16,16
0,2
15,5414
15,1727
15,6275
15,3492
15,6476
15,6472
15,5440
15,5300
15,5288
15,5278
15,5260
15,5376
15,207
15,2751
15,2221
15,2097
15,3917
15,1202
15,1197
15,1196
15,3822
15,3801
15,3196
15,5454
15,5364
15,5161
15,5137
15,4766
15,1901
15,2228
15,4929
15,4764
15,4763
15,4743
15,4920
15,4919
15,1341
15,1336
15,1334
15,1706
15,2988
15,2981
15,2974
15,1697
15,1696
16,2242
16,1501
15,2662
15,2661
15,3330
15,1692
15,1683
16,1056
15,2571
15,2570
15,2542
15,2527
15,2478
15,1671
15,1670
16,453
15,533
15,1011
15,983
15,1664
15,1737
15,1574
15,516
15,5803
15,5802
15,5801
15,5799
15,4622
15,3329
15,3328
15,2960
15,2563
15,2551
15,2544
15,2539
15,2537
15,1888
15,1786
15,1785
15,1784
15,1783
15,1779
15,1769
15,1747
15,1618
15,1057
15,1056
15,1048
15,837
15,471
15,43
15,2552
15,2543
15,2538
15,1575
15,1573
15,1371
15,1185
15,1046
15,833
15,13
16,175
16,164
16,151
16,150
16,144
16,119
16,99
16,18
16,1985
15,6167
15,6166
15,6152
15,6033
15,6539
15,6528
16,2001
15,6462
15,6461
15,6450
15,6402
15,6369
15,6368
15,6366
15,6365
15,6361
15,6360
15,6359
15,6358
15,6349
15,64
15,6570
15,2356
15,2941
15,54
15,2903
15,2887
15,1237
15,1226
15,63
15,6569
15,3136
15,1691
15,29
15,22
15,1257
15,1232
15,1270
15,5213
253,3
15,2907
15,2898
15,2886
15,1273
15,1267
15,1247
15,1224
15,513
15,47
15,5217
15,1
15,6568
15,0
15,2914
15,2896
15,1269
15,1236
15,1217
15,5223
15,2910
15,2900
15,2888
15,1276
15,1252
15,1234
15,1221
15,33
15,55
15,5218
15,2905
15,2909
15,2899
15,2890
15,2883
15,2880
15,1250
15,1219
15,526
15,62
15,5215
15,2902
15,2891
15,1271
15,1278
15,1254
15,1225
15,524
15,515
15,5216
15,5208
15,2904
15,2895
15,2885
15,1274
15,1253
15,1218
15,523
15,49
15,5220
15,1261
15,6564
15,6563
15,6562
15,6550
15,6551
15,6549
15,6548
15,6547
15,6545
15,6544
15,6543
15,6534
15,6533
15,6532
15,6531
15,6530
15,6529
15,6507
15,6506
15,6505
15,6486
15,6485
15,6484
15,6483
15,6481
15,6480
15,6422
15,6421
15,6420
15,6419
15,6418
15,6417
15,6415
15,6414
15,6413
15,6412
15,6411
15,6410
15,6409
15,6408
15,6407
15,6405
15,6406
15,6404
15,110
15,109
15,105
15,107
15,106
15,104
15,103
15,102
15,101
15,100
15,99
15,98
15,95
15,97
15,96
15,94
15,93
15,92
15,91
15,90
15,89
15,88
15,87
15,86
15,84
15,83
15,81
15,80
15,78
15,77
15,73
15,76
15,75
15,74
15,6381
15,6377
15,6367
15,6364
15,6351
15,6347
15,6399
15,6398
15,6397
15,6396
15,6395
15,6393
15,6392
15,6391
15,6390
15,6389
15,6388
15,6387
15,6386
15,6385
15,6384
15,1931
15,1930
15,599
15,597
15,593
15,5930
15,5929
15,3777
15,3710
15,3709
15,3707
15,3705
15,3704
15,3647
15,3605
15,3582
15,3581
15,3579
15,3578
15,3576
15,3575
15,3573
15,3569
15,3568
15,3566
15,3565
15,3563
15,3561
15,3560
15,3558
15,3557
15,3555
15,3517
15,3515
15,3514
15,3512
15,3511
15,3509
15,3507
15,3506
15,3503
15,5472
15,2216
15,2369
15,5424
15,5422
15,5405
15,5393
15,5391
15,5379
15,294
15,295
15,297
15,298
15,300
15,301
15,303
15,305
15,307
15,309
15,312
15,321
15,336
15,341
15,342
15,343
15,346
15,345
